QUESTION 1

— (2, 0)(2, 5)(4, 4)(4, 7)(5, 7)(5, 0)
non car (2, 5)(4, 4) pas horizontal
— (2, 0)(2, 5)(4, 5)(4, 7)(5, 7)(5, 0)
oui
— (2, 0)(2, 5)(4, 5)(4, 7)(5, 7)(6, 7)(5, 0)
(6, 7)(5, 0) pas vertical
— (2, 0)(2, 5)(4, 5)(4, 8)(4, 7)(5, 7)(5, 0)
(4, 8)(4, 7) fait une ligne (paratonnerre ? =D)


QUESTION 2

le premier y = 0, puis y change, puis x, puis y, ... puis y = 0 pour le dernier

QUESTION 3

(1, 1)(5, 13)(9, 20)(12, 27)(16, 3)(19, 0)(22, 3)(25, 0) =>

(1, 0)(1, 1)(5, 1)(5, 13)(9, 13)(9, 20)(12, 20)(12, 27)(16, 27)(16, 3)(19, 3)(19, 0)(22, 0)(22, 3)(25, 3)(25, 0)
